251.658874511719,9.74173111476306,1
253.207183837891,9.75061255281926,1
254.449447631836,9.75949412954524,1
255.152389526367,9.77205483130062,1
258.695281982422,9.78462203541037,1
256.942016601562,9.79351298845859,1
256.869812011719,9.80240415023248,1
253.199279785156,9.81129559033394,1
251.960876464844,9.82018721135653,1
254.014739990234,9.82913196040958,1
256.1962890625,9.83812983803617,1
259.061981201172,9.85085494321937,1
259.236206054688,9.86358029382916,1
258.682586669922,9.87630576715861,1
257.550384521484,9.8890315473142,1
260.479797363281,9.90175880070075,1
261.471984863281,9.91075934041067,1
261.097137451172,9.9197601551516,1
261.394927978516,9.92876121599843,1
262.909729003906,9.93776297190179,1
264.405975341797,9.94676540844132,1
263.656188964844,9.95576797534245,1
263.503601074219,9.96852476211509,1
267.157379150391,9.97756323557627,1
268.472503662109,9.98660204651067,1
270.129760742188,9.99564107756393,1
271.008636474609,10.0084257762662,1
271.025817871094,10.0174669507044,1
269.624328613281,10.0265098150718,1
272.680297851562,10.0393009965766,1
270.135101318359,10.048345962652,1
271.0234375,10.0573913552674,1
274.189819335938,10.0664373068356,1
273.449005126953,10.0792335045027,1
273.699890136719,10.0882839760909,1
277.566528320312,10.1101356833741,1
275.604370117188,10.1010840474729,1
274.171966552734,10.1229368178027,1
285.343902587891,10.1319898990013,1
294.192718505859,10.1410442928529,1
293.773803710938,10.1500987309717,1
294.741058349609,10.1591552659784,1
289.994537353516,10.1810254021475,1
294.490600585938,10.1719662529409,1
282.025268554688,10.1938380196823,1
282.698150634766,10.2028984255091,1
293.701110839844,10.2119589792121,1
298.682312011719,10.2210204352501,1
295.661315917969,10.2300829416573,1
296.300506591797,10.2391457144379,1
297.494323730469,10.2482085612178,1
293.744262695312,10.257271526402,1
287.876586914062,10.270088683616,1
286.271392822266,10.2829161450846,1
287.608734130859,10.2919939797964,1
285.931915283203,10.326749953346,1
285.471893310547,10.3358288744401,1
287.055938720703,10.3048323771262,1
287.976623535156,10.3139107773004,1
289.121765136719,10.3486691241246,1
291.357177734375,10.3577489682247,1
293.672698974609,10.3668295569795,1
294.734100341797,10.3759108457504,1
291.854705810547,10.3849927305285,1
290.367279052734,10.3940753305757,1
292.561676025391,10.4069203413085,1
296.724487304688,10.4160032394528,1
294.844818115234,10.4250863313803,1
294.587554931641,10.4341696171034,1
293.810516357422,10.4432607210434,1
297.742248535156,10.4523597636325,1
307.527404785156,10.4614590760724,1
310.953704833984,10.4743276597225,1
306.021881103516,10.4834272420457,1
302.071350097656,10.4925269893135,1
301.690399169922,10.5016269765125,1
305.584167480469,10.5107285391542,1
306.463256835938,10.5198317824557,1
311.774871826172,10.5289363625099,1
310.665466308594,10.5418138831105,1
317.376800537109,10.5509199203401,1
322.914459228516,10.5637981210511,1
319.145874023438,10.5729045039539,1
314.833404541016,10.5820139111194,1
309.412811279297,10.5911265084112,1
308.406829833984,10.6002393617834,1
310.105682373047,10.6131282684577,1
317.990814208984,10.6351357743524,1
308.781829833984,10.6260188802595,1
321.952819824219,10.6480313998013,1
326.942016601562,10.6609481637017,1
321.481811523438,10.6700967493915,1
316.701538085938,10.6792457012491,1
311.808258056641,10.6883949277591,1
308.969024658203,10.7013342769971,1
308.458404541016,10.7104847093565,1
308.249877929688,10.723426498117,1
305.874938964844,10.732577892297,1
307.072418212891,10.7455205881937,1
309.527557373047,10.7584639537254,1
309.627380371094,10.7714081619458,1
308.480712890625,10.7805617101685,1
310.195220947266,10.7935070637389,1
311.895660400391,10.8026614068195,1
935.593933105469,42.1232047521374,2
314.565979003906,10.8118169272623,1
924.874145507812,41.6355323370484,2
311.587280273438,10.8209731206176,1
901.198608398438,41.2106502475964,2
900.16845703125,40.9470170641914,2
883.685668945312,40.7067807377771,2
313.407562255859,10.8319118382757,1
889.351806640625,40.4892301437939,2
315.673095703125,10.8499030977854,1
881.109313964844,40.1887175908138,2
324.335601806641,10.8626254568246,1
871.683959960938,39.9822032069887,2
322.139556884766,10.8753479924581,1
875.672058105469,39.6963304673156,2
319.363403320312,10.8933411874508,1
859.265502929688,39.4183872627988,2
322.767730712891,10.9062818239715,1
850.077697753906,39.2256824599203,2
325.871765136719,10.9194396000562,1
844.644653320312,39.0460096873101,2
325.343414306641,10.93804778459,1
851.458679199219,38.8788817644487,2
317.478393554688,10.9512062988225,1
846.506652832031,38.6454386055938,2
317.125793457031,10.9698171284464,1
840.204467773438,38.4828843024192,2
316.710052490234,10.9884299076666,1
840.086242675781,38.3217714493771,2
319.863220214844,11.007044567648,1
828.111145019531,38.1626516242352,2
322.525115966797,11.0256607603788,1
326.522369384766,11.038824839426,1
837.596984863281,38.0054765132458,2
328.452514648438,11.0574450761257,1
846.468200683594,37.8491694715515,2
329.99658203125,11.0760690090575,1
830.102478027344,37.699029783065,2
332.499084472656,11.0946944773672,1
837.341735839844,37.4963925386431,2
843.032653808594,37.3544971880625,2
336.751434326172,11.1078668934942,1
831.336547851562,37.1569513822261,2
841.322448730469,37.0196213176299,2
843.882385253906,36.8832251379114,2
833.055419921875,36.7515475439458,2
829.147644042969,36.6243670181346,2
341.216094970703,11.1264979481584,1
822.506530761719,36.4457322343321,2
811.90380859375,36.3202786962615,2
787.879211425781,36.2059145637507,2
342.694213867188,11.1396724385092,1
808.73388671875,36.1026494398163,2
360.704223632812,11.1528475217914,1
803.229614257812,35.9572426207592,2
366.431884765625,11.1714808824353,1
791.907287597656,35.8548308856012,2
366.327575683594,11.184657102349,1
782.724182128906,35.7117466562246,2
364.908233642578,11.1978360918864,1
787.075622558594,35.612263627757,2
355.161651611328,11.2110178018201,1
801.425537109375,35.5134451749771,2
346.524719238281,11.2242003532751,1
792.037536621094,35.4148218529453,2
346.696533203125,11.2428449775218,1
777.821533203125,35.2757574251133,2
350.593658447266,11.2614904421275,1
765.891906738281,35.1372790704848,2
352.246765136719,11.2746755190091,1
764.039611816406,34.999379502979,2
360.146240234375,11.2933250476482,1
756.709411621094,34.8618765006893,2
353.974243164062,11.3065172650579,1
740.600463867188,34.7648630688884,2
354.978698730469,11.3251790716583,1
727.3203125,34.6680337246408,2
355.109466552734,11.3383757061662,1
718.517700195312,34.5312688488962,2
355.817840576172,11.3515735330155,1
708.04150390625,34.395800213871,2
350.552429199219,11.364772502844,1
705.181396484375,34.3029450931875,2
703.023315429688,34.2126576881927,2
703.009338378906,34.1230011184437,2
702.741271972656,34.0336526907819,2
701.511596679688,33.9447017879135,2
702.900146484375,33.8560293609909,2
351.463623046875,11.3779724171019,1
706.987548828125,33.7308544657584,2
362.976165771484,11.3966413923156,1
703.184448242188,33.6083162229563,2
355.043914794922,11.4098443404175,1
707.890991210938,33.5237738009097,2
356.246887207031,11.4230489801725,1
697.347961425781,33.4049067944183,2
361.803985595703,11.4418455578488,1
692.658752441406,33.3210291753186,2
374.761627197266,11.4607647731281,1
686.279663085938,33.2027323923352,2
376.386077880859,11.4796850161451,1
685.525512695312,33.119331291843,2
372.118804931641,11.4986126834888,1
683.403686523438,33.0017815248148,2
377.462707519531,11.512001763114,1
684.040222167969,32.9199680459308,2
376.028717041016,11.530937149949,1
679.000915527344,32.8058932207302,2
377.579772949219,11.5443268541764,1
677.172058105469,32.7253148937867,2
381.131164550781,11.5577171831024,1
675.068786621094,32.6448040482601,2
378.794158935547,11.5766549995419,1
677.704772949219,32.5644443225644,2
388.085632324219,11.5955942153324,1
677.361206054688,32.484201818409,2
387.694152832031,11.608986991854,1
671.934143066406,32.403992649101,2
391.313537597656,11.6279278282612,1
403.571868896484,11.6413215425513,1
671.874755859375,32.3342721350696,2
391.675964355469,11.6602636315853,1
671.492248535156,32.2505881564883,2
399.254455566406,11.6737434975113,1
672.668640136719,32.167036641106,2
416.210266113281,11.7064945711832,1
405.130554199219,11.6929283145739,1
669.325317382812,32.0839689666414,2
380.261627197266,11.7392531386342,1
408.997131347656,11.7256808472192,1
668.247741699219,32.025697495153,2
346.079254150391,11.7584555640906,1
667.378173828125,31.9438450363138,2
342.153747558594,11.7776599921469,1
665.751342773438,31.8864435726354,2
345.701385498047,11.7968666544788,1
665.658752441406,31.8293467922381,2
374.59130859375,11.9611127404175,1
373.713653564453,11.9466611397948,1
375.073547363281,11.9322110035346,1
374.22021484375,11.9177617322328,1
370.334503173828,11.9033131262343,1
368.073822021484,11.8888646532768,1
363.952667236328,11.8744163133562,1
355.267700195312,11.8599750796361,1
347.394317626953,11.8455413497061,1
348.521942138672,11.8311083490441,1
350.545074462891,11.8166757461116,1
665.866882324219,31.7723501648533,2
367.724670410156,11.9815594386545,1
668.730285644531,31.7153922785111,2
388.417297363281,12.0888374168546,1
386.085296630859,12.0743658020257,1
387.907196044922,12.0598947889584,1
396.263488769531,12.045423909598,1
396.101257324219,12.0309531639405,1
376.777130126953,12.01648395534,1
366.007598876953,12.0020164173542,1
677.327880859375,31.6584840466442,2
400.795440673828,12.1093052632133,1
675.025573730469,31.5781819933674,2
409.707366943359,12.1442485624638,1
408.062866210938,12.1297743392249,1
686.239990234375,31.5215146539863,2
410.246368408203,12.1647197202241,1
681.447204589844,31.4414363692486,2
414.099365234375,12.1792173377272,1
666.139343261719,31.3614117272289,2
409.884185791016,12.1937366779365,1
666.113586425781,31.3060134511781,2
412.163879394531,12.2082564912168,1
670.90576171875,31.2518524229758,2
412.909088134766,12.22879194723,1
669.82666015625,31.1977852312154,2
413.729827880859,12.2433138561093,1
671.456848144531,31.1437600658823,2
405.333099365234,12.2578368469592,1
673.941650390625,31.0897581966394,2
398.9921875,12.2723625443601,1
663.527893066406,31.0358074084452,2
395.894592285156,12.2868933882258,1
670.738525390625,30.9830662235403,2
400.112030029297,12.3014318277635,1
680.002014160156,30.9315568364174,2
404.078002929688,12.315974949943,1
665.087158203125,30.8588469791711,2
406.835540771484,12.3305182079922,1
674.648803710938,30.7862044945034,2
401.677337646484,12.3450616698552,1
672.668762207031,30.7348622637947,2
405.517364501953,12.3596054034821,1
672.276184082031,30.6838229137008,2
406.059020996094,12.3741494768394,1
663.711242675781,30.6331051542876,2
409.014831542969,12.3886938219935,1
667.012145996094,30.5618229792804,2
414.669281005859,12.4032498851075,1
672.130493164062,30.5117569732587,2
403.137023925781,12.4238532893927,1
682.191528320312,30.4617493070804,2
406.351959228516,12.4384236672065,1
674.213317871094,30.391068843815,2
409.926330566406,12.4529945917878,1
673.648010253906,30.341166122242,2
406.665710449219,12.4675656530777,1
670.313781738281,30.1213911043318,2
683.244445800781,30.1711392925969,2
679.433410644531,30.2209089339867,2
671.173706054688,30.2707000683042,2
403.687683105469,12.4821369194394,1
655.437561035156,30.051137250285,2
413.350860595703,12.5027443829082,1
654.859619140625,29.9809889240367,2
420.627838134766,12.5233539739618,1
654.238098144531,29.8617851543824,2
652.717712402344,29.9110343435806,2
420.693664550781,12.5379285227154,1
653.629211425781,29.7923411237576,2
424.715637207031,12.5525034135244,1
663.1494140625,29.7229842508235,2
413.267883300781,12.5731564141247,1
652.258178710938,29.6536611433362,2
397.0224609375,12.587789486158,1
652.629089355469,29.6046559340599,2
414.495910644531,12.6965630334506,1
414.652587890625,12.6818276464073,1
411.472534179688,12.6670932513968,1
407.374877929688,12.6524052939436,1
405.867584228516,12.6377634820795,1
405.146759033203,12.6231223644781,1
402.415893554688,12.6084848540659,1
656.527587890625,29.5353617273371,2
414.374816894531,12.7174911243882,1
645.702026367188,29.4177782960663,2
647.571838378906,29.4661251329314,2
418.096282958984,12.7385080232715,1
642.685485839844,29.3507103846917,2
417.539489746094,12.7595251281768,1
645.30126953125,29.2841953313959,2
415.935028076172,12.7743874120507,1
642.926330566406,29.2372068190069,2
416.050659179688,12.7892509345731,1
643.579956054688,29.1902331621951,2
417.494354248047,12.8041159149508,1
643.203125,29.1242426645479,2
408.897766113281,12.8251405441709,1
636.047241210938,29.077911044797,2
404.893188476562,12.8400081495268,1
633.512634277344,29.0126427751,2
402.469177246094,12.8548764843404,1
637.851135253906,28.9476122932945,2
401.347625732422,12.8697455487272,1
637.508422851562,28.8826249224839,2
405.296203613281,12.8846157807262,1
640.134643554688,28.8177155866664,2
404.805328369141,12.9056480462559,1
658.342407226562,28.7535738348532,2
401.447570800781,12.9205215635442,1
662.551696777344,28.7087608133954,2
401.319702148438,12.9354026881159,1
668.679321289062,28.6640115065882,2
401.274658203125,12.9564616481314,1
670.90478515625,28.6192926653101,2
397.878845214844,12.9775244441889,1
661.847290039062,28.5745915598906,2
398.501312255859,12.9924287499479,1
634.404724121094,28.5113996933396,2
635.478393554688,28.4679615053801,2
632.415588378906,28.425771019958,2
397.4697265625,13.0073437165205,1
649.131286621094,28.3662580783609,2
394.129241943359,13.0222604523336,1
676.947875976562,28.3242884794381,2
392.487396240234,13.0371791787006,1
684.198852539062,28.282349841223,2
390.610900878906,13.052098863971,1
683.207336425781,27.9969553002853,2
657.474792480469,28.0386671136823,2
674.392333984375,28.240442085356,2
391.814575195312,13.0670194344819,1
672.425048828125,27.8963179506673,2
661.962707519531,27.9379973835675,2
666.394470214844,28.0976938000234,2
670.63427734375,28.1394624639442,2
675.542907714844,28.1812596305863,2
392.571350097656,13.0819405214899,1
617.674194335938,27.8374341618411,2
391.05859375,13.0968627155245,1
638.986389160156,27.795839319183,2
391.513763427734,13.1179818917054,1
660.039794921875,27.7370295144087,2
391.883026123047,13.1329267257462,1
638.379943847656,27.6954707408597,2
391.163879394531,13.1478748991589,1
649.134643554688,27.6368216712847,2
390.873809814453,13.1628300560824,1
636.016540527344,27.5782821800963,2
391.226287841797,13.1839881499753,1
658.050231933594,27.5201045770179,2
390.957458496094,13.2051491914617,1
685.341613769531,27.4792242036973,2
390.992065429688,13.2201139452276,1
637.478393554688,27.4214454892731,2
391.684906005859,13.2412866906112,1
629.351257324219,27.3637095913458,2
391.954864501953,13.256264049662,1
645.050109863281,27.3060084247494,2
392.1611328125,13.2712417821652,1
663.419738769531,27.2484607719801,2
394.920867919922,13.2862196640614,1
640.481201171875,27.2079045996869,2
392.407653808594,13.3074035963954,1
635.584045410156,27.1507467391556,2
396.284759521484,13.3285910167052,1
609.98681640625,27.1104452153783,2
398.997528076172,13.3435742799626,1
644.946899414062,27.0535776528524,2
395.463714599609,13.3647648726723,1
647.74462890625,26.9968347456872,2
394.197662353516,13.3859574756137,1
667.789794921875,26.9567239618404,2
392.143432617188,13.4009456026627,1
668.65087890625,26.9167282102324,2
392.462036132812,13.4221455104974,1
632.549377441406,26.8369929055884,2
639.249572753906,26.8768509291422,2
392.294189453125,13.4371403810364,1
610.199829101562,26.7971872028009,2
391.308227539062,13.4583546054497,1
629.995849609375,26.740969733259,2
611.092102050781,26.7012387858125,2
392.130737304688,13.4795744581653,1
606.326049804688,26.6451069184106,2
394.319122314453,13.500798136778,1
605.0625,26.6054519362429,2
394.741912841797,13.5220247927216,1
604.725036621094,26.5493883467182,2
394.526000976562,13.5370380670438,1
607.1845703125,26.5097574368978,2
395.495300292969,13.5582753674813,1
621.609619140625,26.4701333962473,2
396.066680908203,13.5732951942363,1
623.125915527344,26.4315898062812,2
395.411315917969,13.5883182630624,1
617.48291015625,26.3786121731532,2
398.64013671875,13.6033435196042,1
595.277526855469,26.3411642176637,2
400.860198974609,13.6183696062378,1
604.620178222656,26.3037262776332,2
401.705413818359,13.6333958438241,1
608.530090332031,26.2507951794014,2
395.046997070312,13.6546472212909,1
584.52294921875,26.2133800942076,2
390.451080322266,13.6759011615878,1
582.186645507812,26.1606013532917,2
392.252502441406,13.6909326102789,1
575.700622558594,26.1233787435313,2
392.868072509766,13.7059723829204,1
572.92919921875,26.0336164017028,2
572.573608398438,26.0707816058265,2
392.90185546875,13.7210191957071,1
578.335510253906,25.9811159236862,2
393.037414550781,13.7362856935811,1
583.127563476562,25.94403698407,2
391.967529296875,13.751775978072,1
580.921142578125,25.8934074131115,2
390.510223388672,13.7737050905892,1
576.557189941406,25.844580684153,2
390.832885742188,13.7892251858371,1
573.172790527344,25.7957772926272,2
391.059448242188,13.8130553472939,1
584.676330566406,25.7470034315247,2
391.445159912109,13.8312381121463,1
577.289306640625,25.7125249819467,2
391.765716552734,13.8569619013272,1
576.366577148438,25.6637790368323,2
391.753387451172,13.875159056293,1
575.448303222656,25.6295725135472,2
391.824523925781,13.8933674136055,1
582.888916015625,25.5956224712262,2
391.705322265625,13.9191280314401,1
585.276489257812,25.5616932598626,2
391.707336425781,13.9448918253285,1
573.024047851562,25.5277890258937,2
391.691772460938,13.970660584883,1
564.529541015625,25.4798690751799,2
391.190734863281,13.9964329205163,1
566.555847167969,25.4460011404874,2
391.483306884766,14.0222074429976,1
563.137329101562,25.3981134280319,2
391.767364501953,14.0404395360363,1
555.210693359375,25.3502432591882,2
391.762176513672,14.0662329676829,1
554.374389648438,25.3164176765878,2
391.792816162109,14.0920299871676,1
553.80517578125,25.2686102244168,2
391.781311035156,14.1102758887601,1
553.017944335938,25.2348175942513,2
391.878356933594,14.1360860774225,1
552.34912109375,25.1892617669718,2
391.585113525391,14.1619000612768,1
551.103881835938,25.1586784575677,2
391.611358642578,14.1801591002474,1
550.051330566406,25.1281562252862,2
391.559265136719,14.2059902848821,1
548.867065429688,25.0976428751918,2
390.954040527344,14.2318278794728,1
548.13671875,25.0671443033338,2
391.377868652344,14.2576728916903,1
547.566528320312,25.0366575485273,2
391.578033447266,14.2761051327888,1
546.118286132812,25.0063941171825,2
391.972961425781,14.3024599806839,1
546.187316894531,24.9763560847328,2
392.087524414062,14.3288844619488,1
544.710327148438,24.9339007155552,2
391.978881835938,14.3553093740667,1
604.636901855469,19.5755283167557,1
653.261962890625,19.7102859809619,1
635.946838378906,19.7455195440802,1
628.948974609375,19.78076369743,1
663.8173828125,19.8160278847336,1
544.0009765625,24.9038970806353,2
391.913818359375,14.3817347170603,1
624.624328613281,19.5319537694241,1
616.179992675781,19.625283107856,1
634.924560546875,19.6604814507959,1
659.60791015625,19.865920663366,1
637.139465332031,19.9012179220714,1
544.448486328125,24.8614724658018,2
391.995513916016,14.4081604909523,1
636.632751464844,19.494553147004,1
657.548156738281,19.9511810182473,1
692.814147949219,19.9865530679666,1
541.563537597656,24.8190547822504,2
391.997009277344,14.4345866957652,1
609.757995605469,19.4571933204875,1
634.459777832031,20.0366171314825,1
629.605712890625,20.072023740694,1
630.506408691406,20.1075170151886,1
635.438110351562,20.1431067323623,1
540.219360351562,24.776670676559,2
391.984252929688,14.4610133315217,1
595.128662109375,19.4308010341461,1
647.906433105469,20.1934967486039,1
640.438537597656,20.2291804119671,1
637.544372558594,20.264903328385,1
638.726318359375,20.3006533211189,1
643.767700195312,20.3364964156489,1
645.269165039062,20.3724353300349,1
539.660339355469,24.7343181640647,2
392.030670166016,14.4874403982445,1
592.344909667969,19.4044115287101,1
650.26171875,20.4233192700353,1
538.572631835938,24.691967621409,2
392.003204345703,14.5138678959562,1
588.357360839844,19.378022949928,1
657.609436035156,20.4743302574269,1
662.290466308594,20.5105099928785,1
536.206787109375,24.6202942088147,2
536.741333007812,24.6498739596427,2
391.983215332031,14.5402958246795,1
585.085632324219,19.3407169523772,1
669.448425292969,20.5682730019076,1
534.939636230469,24.5784725301818,2
391.966552734375,14.566724184437,1
481.004211425781,17.7521089757318,1
481.455017089844,17.7746126334849,1
577.467224121094,19.314366252336,1
692.710571289062,20.632571721761,1
533.230834960938,24.5366612504065,2
391.984558105469,14.5931529752513,1
480.957305908203,17.7204638888831,1
483.092681884766,17.7972817425604,1
484.241027832031,17.8199985892443,1
575.873962402344,19.2880422770399,1
721.07470703125,20.6780458060562,1
530.365661621094,24.3495332748158,2
530.239685058594,24.3786243759398,2
530.023742675781,24.4077319808634,2
530.984924316406,24.4368542151114,2
531.743286132812,24.4659917373363,2
532.041015625,24.4951420193141,2
391.981262207031,14.6195821971452,1
443.069763183594,16.837617789214,1
482.849548339844,17.6888299650344,1
486.240966796875,17.8521323411735,1
571.898071289062,19.2508437556223,1
767.353759765625,20.7424051695643,1
529.495300292969,24.3084298510606,2
391.974365234375,14.6460118501412,1
441.885009765625,16.7846801826933,1
442.486999511719,16.8065890266394,1
443.285308837891,16.8686552337386,1
443.081146240234,16.8906506782941,1
443.681945800781,16.9126899271904,1
481.641418457031,17.6572021950142,1
487.498352050781,17.884266902346,1
570.266967773438,19.2245628723258,1
833.849975585938,20.8068443438411,1
528.489501953125,24.2675983017807,2
392.004180908203,14.6724419342621,1
439.035949707031,16.7100071483355,1
440,16.7318748338834,1
440.195526123047,16.7537453010399,1
445.706695556641,16.9438603338938,1
447.667816162109,16.9659029547068,1
448.156555175781,16.9879466133203,1
478.97802734375,17.6255767314143,1
489.974517822266,17.9164079416716,1
569.579711914062,19.1874206349124,1
839.033447265625,20.8524501523925,1
529.957092285156,24.2270359408969,2
391.98291015625,14.6988724495305,1
435.964385986328,16.6574501952885,1
437.897247314453,16.6791740405193,1
449.263366699219,17.0191236249352,1
448.936889648438,17.0411709172281,1
450.081329345703,17.0632353866522,1
450.896759033203,17.0853175564194,1
478.032012939453,17.6032155113026,1
492.209625244141,17.9485554596762,1
565.354614257812,19.1502951675307,1
912.882507324219,20.9170308079067,1
526.769836425781,24.1865044080068,2
391.963043212891,14.725303395969,1
435.844024658203,16.6267507909019,1
451.371459960938,17.1165508916012,1
452.431365966797,17.1386539860084,1
453.949798583984,17.1607754099507,1
476.35791015625,17.5808580936117,1
495.380493164062,17.9807090585994,1
564.48046875,19.1240485093957,1
897.618408203125,20.9627477747704,1
529.040222167969,24.1173799000917,2
526.231750488281,24.1459882576838,2
391.961364746094,14.7517347736003,1
436.356414794922,16.5960813294183,1
456.059997558594,17.1920765524249,1
469.501159667969,17.4600523975595,1
471.476531982422,17.482321325552,1
474.094696044922,17.5046238548522,1
474.221649169922,17.5269444364486,1
475.107330322266,17.5492663689081,1
497.775329589844,18.0036388007085,1
562.226684570312,19.0869609602378,1
933.677551269531,21.0274553487562,1
528.256713867188,24.0769784996045,2
391.957458496094,14.7704496892004,1
436.374420166016,16.5744164066273,1
457.944793701172,17.2233966683841,1
468.904174804688,17.4285874192773,1
502.596160888672,18.0363457698345,1
564.650024414062,19.0499106294636,1
931.658081054688,21.0732569539439,1
523.298034667969,23.8675767304877,2
521.671081542969,23.8952524702951,2
521.06201171875,23.9229390258932,2
520.679321289062,23.9510431643532,2
521.5,23.9795575834457,2
522.971984863281,24.0080791421011,2
523.684997558594,24.0366066535931,2
391.533447265625,14.7969560071403,1
436.600311279297,16.5437813940211,1
459.824798583984,17.2455488662096,1
467.869659423828,17.3748842035386,1
470.410675048828,17.3971284902644,1
505.284118652344,18.0690647331016,1
564.900756835938,19.0128775695245,1
999.42626953125,21.1381861591091,1
534.126159667969,23.8284441936691,2
391.304382324219,14.8157128306522,1
435.686462402344,16.5221230931191,1
461.414611816406,17.2768786702942,1
462.807708740234,17.2990348238712,1
464.599426269531,17.321222765388,1
465.897491455078,17.3434422505715,1
504.808166503906,18.1017849829204,1
556.671630859375,18.9765095073024,1
915.652587890625,21.1842308307016,1
528.380493164062,23.7620719182954,2
526.569763183594,23.789323103503,2
391.418243408203,14.8344809126745,1
434.270294189453,16.491497442217,1
505.146881103516,18.1249283702929,1
505.308441162109,18.1480875630297,1
560.353271484375,18.9155895641801,1
555.78955078125,18.9408140297483,1
892.933288574219,21.2303145046201,1
525.531005859375,23.7241159019856,2
391.372161865234,14.8532493037464,1
427.092010498047,16.2393624870192,1
431.045837402344,16.2609556547187,1
432.940124511719,16.2825565918618,1
432.686859130859,16.4698440425736,1
507.088470458984,18.1808602748683,1
551.037292480469,18.8295138779579,1
560.544250488281,18.8547127550762,1
569.835205078125,18.8799264103018,1
926.541259765625,21.296274565028,1
529.814514160156,23.6972833055815,2
391.379150390625,14.8720180038842,1
427.711120605469,16.2088374926226,1
429.335815429688,16.3131211135145,1
430.526031494141,16.4392273970599,1
509.403045654297,18.2136601995082,1
556.75244140625,18.793902114442,1
939.408203125,21.3630441987957,1
530.324462890625,23.5790086293494,2
535.341064453125,23.605785198214,2
530.675659179688,23.6325729374311,2
524.363098144531,23.6593645681255,2
391.519897460938,14.8907870131045,1
425,16.1783172973225,1
430.395111083984,16.3437066511758,1
429.906829833984,16.3653407267125,1
429.451782226562,16.3869779777799,1
429.637176513672,16.4086176734306,1
512.152709960938,18.246483040784,1
515.37255859375,18.2696965835166,1
529.013488769531,18.53681023544,1
529.125244140625,18.5618396543756,1
531.418884277344,18.5868835488317,1
541.982421875,18.7080231238012,1
545.815063476562,18.7331650974312,1
553.545043945312,18.7583134177858,1
967.689331054688,21.4298780072898,1
546.235778808594,23.541180586949,2
391.746368408203,14.9095563314234,1
425.474365234375,16.1478084015037,1
519.481262207031,18.3025302611233,1
521.596130371094,18.3266064707706,1
523.901672363281,18.3515422924167,1
523.468139648438,18.3764819755186,1
523.200561523438,18.4014359710062,1
521.897766113281,18.4264104967496,1
522.451965332031,18.4514017225084,1
524.500671386719,18.4764092951074,1
526.660583496094,18.5014254397884,1
534.712585449219,18.6223325695354,1
536.837707519531,18.647414127939,1
539.502319335938,18.672502770171,1
940.915954589844,21.4772678129844,1
541.332763671875,23.5144534087969,2
392.173767089844,14.9283259588576,1
428.575744628906,16.1173101149772,1
910.963623046875,21.5445478567572,1
531.341674804688,23.4877315394448,2
392.41650390625,14.9470958954233,1
431.949584960938,16.0868145636618,1
911.547912597656,21.5922712614708,1
529.703857421875,23.461014492626,2
392.315795898438,14.965866141137,1
425.180358886719,16.0652516785547,1
901.111267089844,21.6599130414175,1
525.344177246094,23.4343051555833,2
392.182342529297,14.9846370052123,1
415.118499755859,15.86832261963,1
417.194732666016,15.8876731821546,1
418.285522460938,15.9070317608369,1
418.253448486328,15.9263920469745,1
418.736145019531,15.9457545541296,1
418.764739990234,15.9651192824285,1
419.098297119141,15.984486917614,1
420.401885986328,16.0038579731528,1
422.644439697266,16.0232298841936,1
423.573181152344,16.0436931410581,1
911.178039550781,21.7135467956945,1
528.102294921875,23.4076015981843,2
392.0947265625,15.0034095701882,1
410.547149658203,15.7829981669242,1
411.243530273438,15.8023157373186,1
411.23486328125,15.8216350037807,1
412.29443359375,15.8409666764625,1
934.501770019531,21.7729909658207,1
525.253356933594,23.3809081381453,2
391.977264404297,15.0221844551898,1
410,15.7556842690526,1
948.9765625,21.8325113874168,1
523.636474609375,23.3549340639325,2
391.973846435547,15.0488051932027,1
408.142364501953,15.7092209300364,1
409.123596191406,15.7284391098795,1
961.008483886719,21.8921276841967,1
513.00830078125,23.3296722535442,2
392.184356689453,15.0754936620566,1
406.980163574219,15.6820465628175,1
947.710021972656,21.9767668051646,1
519.299072265625,23.3044156738816,2
392.104461669922,15.102182575788,1
405.872894287109,15.6548764379887,1
954.264221191406,22.0368499256261,1
522.503601074219,23.279178763605,2
394.540161132812,15.1288721568892,1
405,15.6277103179589,1
959.538208007812,22.0970184903024,1
524.758483886719,23.2435150434911,2
394.108856201172,15.1555626278887,1
403,15.5813436684469,1
403.550659179688,15.6005470238194,1
965.17626953125,22.1572731049625,1
511.483764648438,23.2078575487843,2
395.183044433594,15.1823747774629,1
401.860961914062,15.4585707420721,1
401.384460449219,15.4776801859026,1
403.782104492188,15.4967994556632,1
406.1689453125,15.5159190534979,1
405.661010742188,15.5350414412745,1
404.772827148438,15.5541984800674,1
974.065979003906,22.2178024237884,1
508.387817382812,23.1826462938052,2
396.189910888672,15.2093113689521,1
403,15.4315618817883,1
973.517150878906,22.2788231357426,1
505.569274902344,23.1574442270883,2
396.331726074219,15.2362525445003,1
403.667236328125,15.4045564883109,1
985.646911621094,22.3402608373513,1
511.662139892578,23.1218262608988,2
398.441375732422,15.2631971602618,1
401.249938964844,15.2822555610147,1
402.527313232422,15.3013183454936,1
402.641540527344,15.3203814549337,1
402.132293701172,15.3394448893529,1
409.374176025391,15.358508648769,1
404.81787109375,15.3775732207889,1
984.973937988281,22.427858765262,1
504.521575927734,23.0862218213551,2
975.722351074219,22.4902433084477,1
501.060913085938,23.0506269480581,2
991.642395019531,22.5786894097571,1
500.039520263672,23.0150975465308,2
1022.06292724609,22.6417340549794,1
499.37744140625,22.9796324258072,2
1103.56530761719,22.7423767050029,1
499.275512695312,22.9545614806852,2
1132.94702148438,22.8539294568081,1
499.026885986328,22.9191141379682,2
1172.62536621094,22.9329200707888,1
497.525695800781,22.8940526150789,2
1157.49816894531,23.0449679733638,1
497.017852783203,22.8689926612944,2
1171.63464355469,23.1573338907837,1
496.065795898438,22.8335547520849,2
1203.56201171875,23.2372145445782,1
495.673767089844,22.7981179520643,2
1281.09936523438,23.3510041238237,1
494,22.7380778650464,2
494.767181396484,22.7628676144979,2
1319.01928710938,23.4652231691704,1
492.747802734375,22.6782595175714,2
493.279815673828,22.7030311081913,2
1400.42346191406,23.5473497270203,1
498.583801269531,22.5691202550475,2
497.763519287109,22.5938248701052,2
492.808776855469,22.6185377331443,2
492,22.64326185444,2
1384.83666992188,23.6307885759968,1
498.839294433594,22.5346803223205,2
1420.65466308594,23.7143222803962,1
498.644989013672,22.5007372948643,2
1461.98901367188,23.8331941677114,1
497.042633056641,22.4767390223843,2
1449.64233398438,24.0385283676684,1
1466.97155761719,23.9528639807201,1
493.324981689453,22.4527438198761,2
1469.77319335938,24.162135344973,1
490.597473144531,22.4287520270422,2
1515.05261230469,24.4647087456406,1
1468.78735351562,24.3757113112909,1
1494.51770019531,24.2870845627371,1
488.194061279297,22.4047643235702,2
1523.591796875,24.7727210271674,1
1498.14880371094,24.6810478537081,1
1509.97119140625,24.5909992995539,1
487.020599365234,22.3807813884012,2
1525.84497070312,24.9992689396235,1
1531.97766113281,24.9049017284071,1
486.017395019531,22.3568032184826,2
1541.44067382812,25.1334514275119,1
486.004974365234,22.3328301506886,2
1523.80529785156,25.2692488403032,1
485.156372070312,22.2989453600199,2
1558.41271972656,25.5114322331683,1
1537.36242675781,25.406229915384,1
485.007415771484,22.2650773671063,2
1562.85192871094,25.7864924343795,1
1538.95544433594,25.6720085354086,1
484.011169433594,22.2411317915206,2
1554.70495605469,25.949660969812,1
483.923614501953,22.207278163491,2
1565.45544433594,26.1154612613073,1
483.653289794922,22.1734355418166,2
1562.3427734375,26.2840792772147,1
482.159210205078,22.1395991331985,2
1557.28771972656,26.4543428681643,1
481.743469238281,22.1057994048614,2
1562.66748046875,26.5762394275024,1
481.183258056641,22.0819273162822,2
1622.17822265625,26.7797848588577,1
480.594543457031,22.048175621132,2
1662.26977539062,26.94639676705,1
479.614318847656,22.0155923225588,2
1678.38977050781,27.1845308859389,1
1703.873046875,27.3549737438342,1
479.512817382812,21.9841793833184,2
1697.72277832031,27.5989878848851,1
478.987060546875,21.9619708042289,2
1724.4462890625,27.8476757989498,1
1771.68237304688,28.0280539410039,1
478.428192138672,21.9400454975019,2
1783.99682617188,28.2884541442729,1
477.512817382812,21.9094399248103,2
1788.130859375,28.555302973882,1
1829.71691894531,28.7488928920462,1
475.857666015625,21.8788402290825,2
1847.09692382812,29.0321801424796,1
474.930755615234,21.8572256356123,2
1868.50671386719,29.3268578447635,1
1902.08740234375,29.5424587490621,1
475,21.8267574686839,2
1929.38403320312,29.864710733442,1
1949.25769042969,30.1034569273533,1
2005.9599609375,30.3513822633073,1
474.613433837891,21.7963605311678,2
1990.51037597656,30.7148275971355,1
2020.69262695312,30.9886551818049,1
473.955627441406,21.7229816315934,2
474.632904052734,21.7444719246276,2
475.645538330078,21.7659646084503,2
2044.86804199219,31.4113558820186,1
473.740295410156,21.692604624031,2
2139.94555664062,31.8650733261961,1
2168.81567382812,32.2025906617765,1
473,21.662258944925,2
474.250854492188,21.640821749469,2
474.454162597656,21.610520394682,2
473.9404296875,21.5802257366729,2
474.633941650391,21.5285147822092,2
474.027709960938,21.549932082501,2
476.253356933594,21.4982381737203,2
475.840362548828,21.4679702475379,2
471.834289550781,21.4465701873285,2
472.465362548828,21.3949181794616,2
472.005279541016,21.4163109323783,2
472.986145019531,21.3646679214057,2
471.379943847656,21.3349982507476,2
471.419769287109,21.3144288723072,2
469.019256591797,21.223317162713,2
470.512115478516,21.2410670063484,2
471.019989013672,21.2853405514069,2
467.507873535156,21.198224585063,2
470.50341796875,21.2661782062176,2
466.271942138672,21.1731340129668,2
463.955169677734,21.1480489071075,2
464.232849121094,21.1303141510001,2
463.350921630859,21.1125800385675,2
462.12890625,21.0948479852681,2
461.958343505859,21.0771317191163,2
459.371612548828,20.9990373754224,2
461,21.0167088976325,2
460.765869140625,21.0343972571152,2
460.462097167969,21.0520980006509,2
459.932556152344,20.9740541661167,2
458.934906005859,20.9563898957074,2
458.946990966797,20.9387263878956,2
460.07275390625,20.9137474927929,2
457.940948486328,20.8960853827729,2
457.06982421875,20.8711082845048,2
455.967071533203,20.8534539154173,2
455.066741943359,20.8358062706022,2
454,20.8182684094361,2
453.678131103516,20.7936213777021,2
453,20.7761940253534,2
451.858673095703,20.7341253553726,2
452.742919921875,20.7515490588305,2
451.421081542969,20.7094984292098,2
451.195953369141,20.6920917253453,2
450.808349609375,20.667477327134,2
450.030212402344,20.6500753489668,2
449.466766357422,20.6255154479365,2
448.937835693359,20.608238998161,2
448,20.5838867189609,2
447.474029541016,20.5666699838398,2
446.986541748047,20.549455472013,2
446.164916992188,20.5322413110789,2
445.339385986328,20.5150284364698,2
444.588592529297,20.4978250185766,2
444.542053222656,20.4806359420786,2
444.533599853516,20.4462717560661,2
444.074127197266,20.463453384018,2
443.225952148438,20.4047941331949,2
443.922607421875,20.4219742501078,2
442.692901611328,20.3804987639105,2
441.240051269531,20.3633200414311,2
441.086029052734,20.3461494404041,2
440.044860839844,20.3289880016265,2
439.279113769531,20.3118294573773,2
438.570770263672,20.2880023508756,2
438.133117675781,20.2646191388863,2
438.04296875,20.2412434805589,2
436.160552978516,20.2178694182995,2
433.070495605469,20.1848204774618,2
433.9921875,20.2013439225251,2
434.338714599609,20.1614564188532,2
434.490142822266,20.1381100010441,2
434.253509521484,20.1147786140879,2
434,20.098281240819,2
433,20.0817840715111,2
433,20.0652871061561,2
431.711181640625,20.0158203552106,2
431.58056640625,20.0323070315143,2
431.588439941406,20.0487946238355,2
431,19.9770387294125,2
431.602172851562,19.9929275681039,2
430.403045654297,19.9227956184495,2
429.629699707031,19.9386820183178,2
429.898864746094,19.954569411623,2
432.116088867188,19.900333322954,2
430.137634277344,19.884453781456,2
428.863006591797,19.8685758630543,2
427.927673339844,19.8526996570747,2
428.631317138672,19.8302493493871,2
426.225372314453,19.8143748555363,2
425.332427978516,19.7985008120922,2
425,19.7760555980565,2
424.265991210938,19.7601871363994,2
423.302001953125,19.7443190346398,2
423,19.7284531812129,2
422.285766601562,19.7129233622534,2
422.182373046875,19.6914521616428,2
422.740997314453,19.6762832305356,2
421,19.6611146106592,2
420.783630371094,19.6459473131858,2
420.397705078125,19.6307812602243,2
419.270355224609,19.6156155183085,2
419,19.6004500096654,2
418.044158935547,19.5790064774192,2
418.026123046875,19.5638464084761,2
417.278961181641,19.5424427749272,2
417,19.5273343019411,2
417.159240722656,19.5059693230951,2
417.108459472656,19.4846047786688,2
416.001861572266,19.4632415372455,2
415.350036621094,19.441879490183,2
414.727630615234,19.4267747797873,2
414.019104003906,19.4116709136279,2
414,19.3965777675538,2
413,19.3752478847481,2
413,19.3601659153394,2
412.571929931641,19.3388373288333,2
411.994873046875,19.3237559704562,2
411.050964355469,19.3024299754178,2
410,19.2811068952696,2
409.015075683594,19.2448599422545,2
409.703063964844,19.2597853258804,2
409,19.2239656978992,2
408,19.2091917369751,2
408,19.1944184192308,2
407.494781494141,19.1735337665374,2
407,19.1526581957688,2
407,19.1378999309713,2
407,19.1231436604291,2
406.979827880859,19.1022754436514,2
406.196228027344,19.0875195290701,2
405.814544677734,19.072764397447,2
405.003448486328,19.0223930471438,2
405.03564453125,19.0371456170618,2
405.344970703125,19.0518988984392,2
405,19.0076596751837,2
404.145660400391,18.9929459231929,2
404,18.9782328060138,2
403,18.9492316853893,2
403.211395263672,18.9636613727604,2
401.99755859375,18.9143976650894,2
402.064086914062,18.9288259616139,2
401,18.8939935334629,2
399.75830078125,18.8016568124975,2
399.758728027344,18.8159766441897,2
400,18.830343731209,2
400,18.8447585406481,2
400.769836425781,18.8591771793826,2
400.151153564453,18.873595950275,2
400,18.7814112686655,2
399.438598632812,18.7611681898498,2
400.468811035156,18.7409280313043,2
400.25048828125,18.7212517326803,2
400,18.6807129902697,2
399.972503662109,18.6942248142364,2
399.843383789062,18.7077374422493,2
399.865478515625,18.6616055216625,2
399.111297607422,18.6480948767348,2
398.315887451172,18.6345844461344,2
398,18.6210745512978,2
398,18.6075650850502,2
397.442993164062,18.5940561008729,2
397.032104492188,18.5805502213481,2
397,18.567048194399,2
397.503051757812,18.5535475042448,2
395.110015869141,18.5344554002339,2
396.742828369141,18.5210662528642,2
396.008758544922,18.5077881449582,2
396.109313964844,18.4945135811547,2
396.696899414062,18.4812464514737,2
397.321380615234,18.4679841219105,2
399.920043945312,18.4547231044366,2
399.444183349609,18.4414629447515,2
397.022827148438,18.4227111736249,2
397.00732421875,18.4094523253859,2
396.049682617188,18.3961936788682,2
395.942230224609,18.382935234067,2
393.677551269531,18.369676890119,2
392.090698242188,18.3571389954898,2
392.005493164062,18.3453215345597,2
391.422668457031,18.3335053262348,2
390.820251464844,18.3216903704915,2
390.146759033203,18.3098760755005,2
390.608245849609,18.2980626150887,2
390.095550537109,18.2862494675818,2
389.379730224609,18.2744365286603,2
390.418304443359,18.2577312468654,2
390.001831054688,18.2410267023846,2
390,18.2243464709997,2
390.668548583984,18.2076906973915,2
388.432495117188,18.1910395452513,2
387.115936279297,18.1792687050291,2
387.947052001953,18.162622757016,2
388.134674072266,18.1508534627826,2
386.044860839844,18.1390908224017,2
385.318176269531,18.12738451407,2
392.846862792969,18.1109018066263,2
394.893280029297,18.094420087751,2
388.979827880859,18.0827659860335,2
386.61279296875,18.0711120839874,2
387.615539550781,18.0594584814234,2
385.4130859375,18.0429782684805,2
386.650085449219,18.0313258968022,2
387.538482666016,18.019674755717,2
384.001098632812,18.0031998098017,2
386.015960693359,17.9915514940813,2
390.390838623047,17.9799034441587,2
391.349578857422,17.9682556267985,2
394.063079833984,17.9517834066941,2
391.609588623047,17.9401360876216,2
387.702331542969,17.9284890010647,2
386.456817626953,17.9168420473651,2
386.938018798828,17.9051951933059,2
384.753814697266,17.8935493685607,2
382.305297851562,17.8770812340816,2
382.256805419922,17.8654372683234,2
382.273193359375,17.8537940990071,2
379.038879394531,17.842151128761,2
378,17.8256859507878,2
378.336547851562,17.8092231645496,2
378,17.7975836762271,2
377.208435058594,17.7859448175594,2
377,17.7743067210634,2
377,17.7626688233601,2
378.016662597656,17.7510309919174,2
378.018798828125,17.7393932267341,2
375.9755859375,17.7277560577868,2
375.377410888672,17.7161209747665,2
375.748199462891,17.7044875800132,2
374.507232666016,17.6928545161378,2
374.533142089844,17.6812222461951,2
375.169921875,17.6695907370416,2
374.605102539062,17.6579594924548,2
372.791717529297,17.6463284793489,2
374.696990966797,17.6346976646425,2
374.434417724609,17.6230669821976,2
373.412322998047,17.6114365642514,2
374.091430664062,17.5998064107992,2
371.645050048828,17.5881763234655,2
370.109100341797,17.5765463022493,2
370.030181884766,17.5649163471493,2
369.948699951172,17.5532864581644,2
369.667724609375,17.5416566352932,2
369.659637451172,17.5300268785345,2
368.058135986328,17.5184022712008,2
368.001922607422,17.5019703881089,2
368.766357421875,17.4855397167291,2
368.038146972656,17.4739221370515,2
366.497955322266,17.462304787984,2
366,17.4506875048008,2
366.02197265625,17.4390702875007,2
366.606872558594,17.4274531360827,2
364.956420898438,17.4158360505453,2
364,17.4042190308875,2
363.696105957031,17.3926020771081,2
363,17.3810270884346,2
363.455810546875,17.3694940641066,2
362.965545654297,17.3579611041343,2
362.140625,17.3464305237445,2
361.280548095703,17.3301285026189,2
361.210968017578,17.3186028073579,2
359.499908447266,17.3023051006301,2
359.798797607422,17.2907823264057,2
361.959106445312,17.2792601618125,2
360.328735351562,17.26773806138,2
359.039398193359,17.2514435314498,2
359.004852294922,17.2399246683702,2
358.423370361328,17.2236775806756,2
358,17.2074697681583,2
358,17.1960094928925,2
357.485473632812,17.1846337449041,2
356.783508300781,17.1686661821342,2
356.857513427734,17.15737658245,2
356.033355712891,17.1460879439916,2
355.009002685547,17.1301558056709,2
354.304046630859,17.1189127583569,2
355.442993164062,17.1076697703291,2
355.996734619141,17.0964268415864,2
356.499267578125,17.0851839721278,2
355.30517578125,17.0739411619523,2
354,17.0627581649424,2
354.057922363281,17.047028779572,2
354,17.0313034407626,2
353.001647949219,17.0155810955642,2
352.134094238281,16.9998598822014,2
352.309448242188,16.9887520034372,2
352.986785888672,16.9776521644799,2
352.003295898438,16.9665571825929,2
351.913421630859,16.9508735774341,2
351.101257324219,16.9351903733681,2
351.574859619141,16.9195075302531,2
351,16.9038268919679,2
350.158203125,16.8881485785271,2
350,16.8724709461751,2
349,16.8568196531158,2
349.617279052734,16.8411946954603,2
349.70751953125,16.8301464626396,2
349.147705078125,16.8191049135704,2
348.576141357422,16.8034996117727,2
348.516082763672,16.7924732670788,2
349.520263671875,16.781455023956,2
353.623168945312,16.7704369474836,2
356.217407226562,16.7594192042743,2
356.706420898438,16.7484018220853,2
358.207183837891,16.7373849951903,2
358.947509765625,16.7263696116144,2
359.454376220703,16.7153554490508,2
360.483581542969,16.704341674865,2
362.153747558594,16.6933280671133,2
364.966735839844,16.6823145148369,2
368.557922363281,16.671301018035,2
370.159851074219,16.6602878263152,2
372.164154052734,16.6447155647931,2
376.4970703125,16.629147848438,2
371.251037597656,16.6135824818113,2
367.783996582031,16.6025763550932,2
372.800964355469,16.5915704774622,2
374.96044921875,16.580564738206,2
383.322357177734,16.5695594140142,2
387.278289794922,16.5585560258949,2
385.719635009766,16.5475542141002,2
351.974182128906,16.2668407647637,2
383.0048828125,16.5365934232875,2
345.855651855469,16.2514248942115,2
358.667907714844,16.2777415113979,2
363.9580078125,16.2886423385299,2
368.031799316406,16.2995433266664,2
378.497589111328,16.5211506114198,2
346.239685058594,16.2362670634772,2
362.921844482422,16.3149599182441,2
379.054107666016,16.5102312996044,2
348.317687988281,16.2257314381584,2
360.996246337891,16.3258612284059,2
365.938232421875,16.3367627801108,2
374.6962890625,16.3476646538964,2
382.022491455078,16.4993126352453,2
345.892303466797,16.2151960051786,2
368.060119628906,16.3630852708545,2
370.874206542969,16.3739914419802,2
375.83544921875,16.3848978818688,2
387.100219726562,16.4883943485267,2
342.751861572266,16.2046609327838,2
376.998870849609,16.4003223358783,2
380.152435302734,16.411229474661,2
387.390869140625,16.472953711282,2
341.516815185547,16.1897638571575,2
378.587341308594,16.4266548791067,2
378.637268066406,16.457513455439,2
355.328308105469,16.1748684125976,2
372.081268310547,16.4420805497134,2
345.012969970703,16.1599734096451,2
343.051788330078,16.1450786444604,2
348.900939941406,16.0137076545054,2
345.143798828125,16.0242231938866,2
342.696655273438,16.1301875786686,2
352.113494873047,15.9988366382144,2
343.294708251953,16.0390951564796,2
345.735656738281,16.1196606932043,2
347.645172119141,15.9839662638843,2
343.341735839844,16.0496117474249,2
353.639953613281,16.109134047518,2
355.119720458984,15.9734518473897,2
352.806396484375,16.0644870917492,2
355.908325195312,16.0942473252299,2
346.450531005859,15.9585826217016,2
346.037139892578,16.0793650066834,2
344.293487548828,15.9437148818656,2
345.317047119141,15.8556764506372,2
351.389556884766,15.8660964628793,2
343.216522216797,15.8765167303571,2
341.534088134766,15.8869371602739,2
346.560546875,15.897358193635,2
351.750457763672,15.9078248370729,2
346.389801025391,15.9183366509088,2
344.765380859375,15.9288485602184,2
347.502319335938,15.8409406555083,2
344.130828857422,15.826204926002,2
338.352264404297,15.8114764363102,2
338.333618164062,15.8010670104482,2
337.476776123047,15.7906578158466,2
337.655303955078,15.7802488062454,2
337.26416015625,15.7698398660158,2
337.824279785156,15.759430972033,2
336.066741943359,15.7490221242964,2
333.455383300781,15.7386133228051,2
331.567718505859,15.7282077321789,2
332.593292236328,15.7178057215528,2
331.412750244141,15.7074041262555,2
329.897033691406,15.6970046981939,2
329.932952880859,15.686607506455,2
330.103149414062,15.6762108906189,2
330.536468505859,15.6664386842829,2
330.407958984375,15.6572904952259,2
329.892486572266,15.6481424281986,2
329.690979003906,15.6389944069307,2
328.410369873047,15.6298464161686,2
327,15.6206984559119,2
326.829010009766,15.6115505261603,2
326.666809082031,15.6024026269136,2
326.746002197266,15.5932547581713,2
326.962554931641,15.5841069199332,2
326.155517578125,15.5749591121988,2
326.377502441406,15.565811334968,2
327.676239013672,15.5566635882403,2
326.248931884766,15.5475168172783,2
325.476409912109,15.5383710525529,2
325.554809570312,15.5292312953227,2
325,15.5200975453943,2
325.041137695312,15.510963886523,2
325.393859863281,15.4980476498522,2
325.372283935547,15.4889150075866,2
325.219635009766,15.4797824715128,2
326,15.4668672433033,2
324.373626708984,15.4539539020852,2
324.046203613281,15.4410430692382,2
323.332122802734,15.428132943555,2
323,15.4152228607226,2
323.358551025391,15.4023138917027,2
323.123168945312,15.3931867964048,2
323.038970947266,15.3840599887689,2
322.456726074219,15.3711531826605,2
322.16162109375,15.3620277522327,2
322.155029296875,15.3529032145842,2
321.918914794922,15.3437787071899,2
321,15.3346542300494,2
321,15.3255297831624,2
320.266296386719,15.3164053665287,2
320.685729980469,15.3072809801478,2
320.581085205078,15.2981566240195,2
321,15.2890322981434,2
320.077545166016,15.2799080025192,2
320.256805419922,15.2707837371466,2
320.395965576172,15.2616595020252,2
320,15.2525438322837,2
319.729339599609,15.2396686676661,2
319.002319335938,15.2268012697254,2
319.358612060547,15.2139374118128,2
319.813873291016,15.2010735962582,2
318.704223632812,15.1882122571086,2
317.48095703125,15.1753538596385,2
318,15.1625045371631,2
318,15.1534251396962,2
317.519073486328,15.1405857321025,2
318.218505859375,15.1277469769863,2
317.216247558594,15.1149090005021,2
317.208801269531,15.1020715079762,2
317.027526855469,15.0892341416862,2
317,15.0801571698109,2
317,15.0673210446206,2
316,15.0544931682432,2
316.221374511719,15.0454285596849,2
317.38330078125,15.0363643361597,2
317.242065429688,15.0273006752152,2
316.124298095703,15.0182375176166,2
315.870300292969,15.0091758689912,2
315.522064208984,15.0001159954417,2
315.376373291016,14.991056580181,2
315.631378173828,14.9819975344459,2
314.903625488281,14.9729393309812,2
314.157348632812,14.9638817924177,2
314.159332275391,14.9548242833984,2
315.253631591797,14.945766803923,2
314,14.9367093539912,2
313.782165527344,14.9276519336026,2
314,14.9185945427569,2
313.646301269531,14.9095371814539,2
313.866363525391,14.9004798496932,2
314,14.8914354128461,2
313.242309570312,14.8824053920861,2
313.136047363281,14.8696380747264,2
314.578796386719,14.8568718942119,2
314.881103515625,14.8441059823446,2
314.210998535156,14.8314143867501,2
314,14.8224926791038,2
313.557098388672,14.8135710699476,2
312.952484130859,14.8046551193411,2
313.305023193359,14.7920554890059,2
315.377197265625,14.7794591850123,2
313.033569335938,14.7668648601819,2
312.320678710938,14.7579595099112,2
313.539733886719,14.745365818055,2
313.844818115234,14.7327726008661,2
313.939788818359,14.7238681456313,2
313.4853515625,14.7149640259555,2
313.680633544922,14.7023721533487,2
312.775909423828,14.6897805179749,2
312.018676757812,14.6771889814435,2
312.53466796875,14.6645974844482,2
312.402526855469,14.6520060269885,2
312,14.6394364284538,2
312,14.6305639336631,2
312,14.6216915632662,2
312,14.6128193034334,2
312.965850830078,14.6039471956223,2
312.060791015625,14.5950751983664,2
312,14.5862032702058,2
311.759063720703,14.5773314249557,2
311.950988769531,14.5684596626153,2
311.675109863281,14.5595889638507,2
311,14.5507193700721,2
311,14.5418498867478,2
311.648101806641,14.5329831895709,2
312,14.5241192784299,2
311.710754394531,14.5152573362546,2
311.933624267578,14.5027307657322,2
311.760284423828,14.4902076751395,2
311.500701904297,14.4776846816661,2
313.097442626953,14.4651617270393,2
311.128051757812,14.452638811259,2
310.261932373047,14.4401159343245,2
311.1513671875,14.4275930962356,2
314.528167724609,14.4150702969919,2
316.512084960938,14.4025475365929,2
317.969482421875,14.3900248150384,2
311.937805175781,14.381170628048,2
310.946990966797,14.3686596849064,2
310.255950927734,14.3598207233145,2
309.7353515625,14.347321644036,2
309.731536865234,14.3348226998862,2
309.172332763672,14.3223293842153,2
309.996734619141,14.3098416969672,2
310.271728515625,14.297354048214,2
309,14.2848668036154,2
308.384307861328,14.2723799631674,2
308.265502929688,14.2598931612059,2
308.048004150391,14.2474063977304,2
306.853973388672,14.2349231717474,2
306.631408691406,14.2224434832216,2
307,14.2099638331113,2
306.417083740234,14.1974842214161,2
305.789093017578,14.1850046481357,2
306.270202636719,14.1725251132698,2
306.147186279297,14.1637021616703,2
305.2998046875,14.1512266198215,2
305,14.1387511163471,2
304.430267333984,14.1262756512467,2
304.351043701172,14.1138180623242,2
304,14.1013790146457,2
304.492797851562,14.0889407462365,2
305.24951171875,14.0765025918459,2
303.913848876953,14.0646896753738,2
307.213531494141,14.0535023289509,2
308.454772949219,14.0455926259099,2
314.062103271484,14.0376837819421,2
312.680267333984,14.02649932443,2
312.769378662109,14.0153150828135,2
317.537109375,14.0041310840624,2
315.238342285156,13.9929472876891,2
313.434112548828,13.981763599245,2
309.659820556641,13.9738556711943,2
307.772094726562,13.9627479618257,2
306.196350097656,13.9549471580298,2
309.971649169922,13.9439222924778,2
309.215515136719,13.9361316369084,2
309.204162597656,13.9251141913635,2
309.937652587891,13.9173247261698,2
307.336608886719,13.9063102617605,2
310.329467773438,13.8952959900074,2
315.105407714844,13.8842820906834,2
312.026672363281,13.8764943332907,2
309.418365478516,13.8687068210318,2
309.773010253906,13.86091953574,2
314.395324707031,13.8499067663354,2
316.279235839844,13.8421205881039,2
314.002288818359,13.8343354533336,2
322.782745361328,13.8265504001917,2
321.053680419922,13.8155414798564,2
318.706024169922,13.8077575873429,2
317.349182128906,13.7999737582852,2
314.044799804688,13.7921901377068,2
313.515441894531,13.7844067527927,2
314.235595703125,13.7766234675732,2
312.310974121094,13.768840282044,2
314.055328369141,13.7610572052634,2
311.396911621094,13.7500504642821,2
307.981170654297,13.7422677318367,2
307.883514404297,13.7344851443643,2
309.197418212891,13.723479133763,2
307.447448730469,13.7157050521504,2
304.630737304688,13.7047224716814,2
305.369720458984,13.6969567228591,2
304.354370117188,13.6859745622763,2
304.427307128906,13.6749926943136,2
307.9267578125,13.6640121362719,2
313.686645507812,13.6562485907867,2
311.180755615234,13.6484851891218,2
310.534729003906,13.6407219762089,2
312.886627197266,13.6329588981118,2
314.855529785156,13.6251958829256,2
310.345245361328,13.6174329216615,2
307.163208007812,13.610348885153,2
307.19091796875,13.6039439012051,2
301.168426513672,13.5975391058748,2
304.247161865234,13.5911523152192,2
304.171173095703,13.5847837375552,2
318.572082519531,13.5694092761531,2
302.675354003906,13.5757775641707,2
303.931610107422,13.5604032169112,2
309.144500732422,13.5513973322272,2
312.14794921875,13.5450298131282,2
303.030700683594,13.5360258210548,2
308.338592529297,13.5270222046906,2
313.853088378906,13.5180186487001,2
316.199188232422,13.5116522635983,2
328.424621582031,13.5026489826271,2
335.16552734375,13.493648020552,2
328.879425048828,13.4872849954814,2
321.33154296875,13.4782864124899,2
306.413299560547,13.4719235294666,2
313.022918701172,13.4629289719651,2
349.861968994141,13.4565716397178,2
337.518188476562,13.4502143452418,2
309.176696777344,13.4438571121418,2
314.693023681641,13.4348667399908,2
303.010192871094,13.4285096485224,2
315.360717773438,13.4195195567678,2
313.459259033203,13.4131627296505,2
311.440643310547,13.4068059402948,2
306.563507080078,13.4004494105149,2
302.128204345703,13.3914604467498,2
308.654144287109,13.3851044549374,2
301.469787597656,13.3761158581764,2
305.300079345703,13.367127408202,2
332.386779785156,13.3607718268271,2
301.674255371094,13.3517840039426,2
333.770751953125,13.3454287433218,2
310.997131347656,13.3364411805717,2
330.510345458984,13.3274538379156,2
328.021850585938,13.3210989309999,2
324.0849609375,13.3121118751084,2
321.174957275391,13.3057571851001,2
318.644958496094,13.2994025611027,2
312.86328125,13.2904158519584,2
320.471954345703,13.2814292294937,2
293.740539550781,13.275074822372,2
311.195190429688,13.2660886065932,2
324.767791748047,13.2571025974765,2
333.264587402344,13.2481167150111,2
332.195922851562,13.2391310058515,2
323.034393310547,13.2301453966716,2
300.983337402344,13.2211644519825,2
302.878631591797,13.2121882514063,2
295.032287597656,13.2058419457526,2
308.208312988281,13.1994964053962,2
299.829071044922,13.1905226217026,2
319.969604492188,13.1815490172035,2
313.027465820312,13.1752038006564,2
313.868072509766,13.1662305213231,2
311.794342041016,13.1572574609614,2
313.48681640625,13.1482845399361,2
301.351531982422,13.1393117383353,2
308.147827148438,13.130339036252,2
333.811309814453,13.1060508393326,2
354.474090576172,13.1239944061825,2
323.417358398438,13.0970794372746,2
311.387145996094,13.1150223275972,2
311.589996337891,13.0907357733378,2
333.929016113281,13.0843921469113,2
356.624053955078,13.0780485533055,2
320.660552978516,13.0717050159624,2
329.452880859375,13.0653615395692,2
344.270385742188,13.0563905685091,2
342.701965332031,13.047420074747,2
342.530151367188,13.0384500516458,2
331.650146484375,13.0294850897497,2
333.854736328125,13.0231494881025,2
326.411193847656,13.0168139238122,2
333.938842773438,13.0078541947432,2
324.064331054688,13.0015187892112,2
329.558166503906,12.9951834257012,2
331.793334960938,12.9888480948746,2
332.971099853516,12.9798886497415,2
349.353851318359,12.9735534169614,2
339.443878173828,12.9645941104837,2
354.725250244141,12.9582589757452,2
299.574554443359,12.9429647937549,2
315.866760253906,12.9492998211201,2
327.742218017578,12.9340058239819,2
341.554046630859,12.9276709646673,2
340.101013183594,12.9213361520309,2
311.0791015625,12.9123774265106,2
322.164489746094,12.9060531624511,2
344.685180664062,12.8971241669832,2
328.846252441406,12.8881952890649,2
306.611267089844,12.8792666854098,2
319.028259277344,12.8703383821141,2
308.402130126953,12.8640252339983,2
304.195404052734,12.855097178801,2
294.001007080078,12.8487841322463,2
287.633728027344,12.8398562010886,2
299.450805664062,12.8309283743811,2
284.157287597656,12.8246155217005,2
281.121612548828,12.8183027105622,2
281.295501708984,12.8119899178866,2
276.975006103516,12.8030623065957,2
267.174468994141,12.7941347083597,2
265.789123535156,12.7852071231786,2
264.824005126953,12.7762795510524,2
261.771942138672,12.7673520572531,2
261.465942382812,12.7610394584264,2
259.782165527344,12.752113439091,2
259.355712890625,12.7458027039309,2
259.117248535156,12.7394919779925,2
258.948150634766,12.7331812612757,2
258.135772705078,12.7268705537804,2
258,12.7205601828148,2
258.48876953125,12.7142502313389,2
260.667572021484,12.7079404227378,2
259.250732421875,12.7016306786577,2
257.076141357422,12.6953209852701,2
256.087219238281,12.6890113379663,2
255.964614868164,12.682701699879,2
255.926361083984,12.6763920848328,2
257.720184326172,12.6700825112599,2
260.278900146484,12.6637730068071,2
263.245910644531,12.6574692043016,2
260.675231933594,12.6511711721891,2
261.870880126953,12.6422859830175,2
268.831176757812,12.6360186617723,2
270.737731933594,12.6271561468683,2
295.675079345703,12.6182940909768,2
289.153503417969,12.6094321498219,2
285.386688232422,12.6031658609833,2
282.998046875,12.5943040982954,2
278.179870605469,12.5880379491696,2
289.087371826172,12.5817718270838,2
305.599578857422,12.5755057185179,2
290.5029296875,12.5692397226107,2
301.721130371094,12.5629738618919,2
291.50048828125,12.556708068762,2
270.540771484375,12.5504423206908,2
270.026214599609,12.5441765816311,2
266.028747558594,12.5379108515828,2
263.486328125,12.531645130546,2
261.274505615234,12.5253794185205,2
260.263122558594,12.5191137155064,2
256.856323242188,12.5128482107217,2
253.598770141602,12.5039877798014,2
252.357360839844,12.4951274699189,2
252.417449951172,12.4862672364792,2
253.17919921875,12.4774070221498,2
251.286987304688,12.4685468205604,2
251.323333740234,12.4596866317111,2
256.842041015625,12.4508264556017,2
250.69563293457,12.4419662922322,2
268.015014648438,11.9301101225357,2
250.3193359375,11.9359791831211,2
269.203826904297,11.9042032728108,2
324.512390136719,11.9100722056647,2
312.716430664062,11.9159411531159,2
260.977813720703,11.9218101151646,2
254.377365112305,11.8841715714064,2
271.1181640625,11.8758770856457,2
258.457061767578,11.8700120606769,2
277.205505371094,11.8582849442198,2
254.889663696289,11.8524219537144,2
262.906372070312,11.8465590359568,2
308.760833740234,11.8406970270805,2
314.235107421875,11.8348359161594,2
326.404510498047,11.8289748270402,2
291.784790039062,11.8231137669898,2
263.929626464844,11.8172530121124,2
266.109344482422,11.8089651562074,2
264.237243652344,11.8031048445204,2
263.068237304688,11.7948171632621,2
277.350158691406,11.7865295436404,2
256.769348144531,11.77238226015,2
254.557952880859,11.766522427834,2
261.560943603516,11.7582355734073,2
269.918090820312,11.7523759807308,2
279.183837890625,11.7465164170993,2
279.267059326172,11.7406592501451,2
273.580810546875,11.7348044798299,2
274.63134765625,11.7289497312408,2
